0.00790435
0.01158490240481
0.015265454809619
0.018946007214429
0.022626559619239
0.026307112024048
0.029987664428858
0.033668216833667
0.037348769238477
0.041029321643287
0.044709874048096
0.048390426452906
0.052070978857716
0.055751531262525
0.059432083667335
0.063112636072144
0.066793188476954
0.070473740881764
0.074154293286573
0.077834845691383
0.081515398096192
0.085195950501002
0.088876502905812
0.092557055310621
0.096237607715431
0.099918160120241
0.10359871252505
0.10727926492986
0.110959817334669
0.114640369739479
0.118320922144289
0.122001474549098
0.125682026953908
0.129362579358717
0.133043131763527
0.136723684168337
0.140404236573146
0.144084788977956
0.147765341382766
0.151445893787575
0.155126446192385
0.158806998597194
0.162487551002004
0.166168103406814
0.169848655811623
0.173529208216433
0.177209760621242
0.180890313026052
0.184570865430862
0.188251417835671
0.191931970240481
0.195612522645291
0.1992930750501
0.20297362745491
0.206654179859719
0.210334732264529
0.214015284669339
0.217695837074148
0.221376389478958
0.225056941883768
0.228737494288577
0.232418046693387
0.236098599098196
0.239779151503006
0.243459703907816
0.247140256312625
0.250820808717435
0.254501361122244
0.258181913527054
0.261862465931864
0.265543018336673
0.269223570741483
0.272904123146293
0.276584675551102
0.280265227955912
0.283945780360721
0.287626332765531
0.291306885170341
0.29498743757515
0.29866798997996
0.30234854238477
0.306029094789579
0.309709647194389
0.313390199599198
0.317070752004008
0.320751304408818
0.324431856813627
0.328112409218437
0.331792961623246
0.335473514028056
0.339154066432866
0.342834618837675
0.346515171242485
0.350195723647295
0.353876276052104
0.357556828456914
0.361237380861723
0.364917933266533
0.368598485671343
0.372279038076152
0.375959590480962
0.379640142885772
0.383320695290581
0.387001247695391
0.3906818001002
0.39436235250501
0.39804290490982
0.401723457314629
0.405404009719439
0.409084562124249
0.412765114529058
0.416445666933868
0.420126219338677
0.423806771743487
0.427487324148297
0.431167876553106
0.434848428957916
0.438528981362725
0.442209533767535
0.445890086172345
0.449570638577154
0.453251190981964
0.456931743386774
0.460612295791583
0.464292848196393
0.467973400601202
0.471653953006012
0.475334505410822
0.479015057815631
0.482695610220441
0.486376162625251
0.49005671503006
0.49373726743487
0.497417819839679
0.501098372244489
0.504778924649299
0.508459477054108
0.512140029458918
0.515820581863727
0.519501134268537
0.523181686673347
0.526862239078156
0.530542791482966
0.534223343887776
0.537903896292585
0.541584448697395
0.545265001102204
0.548945553507014
0.552626105911824
0.556306658316633
0.559987210721443
0.563667763126253
0.567348315531062
0.571028867935872
0.574709420340681
0.578389972745491
0.582070525150301
0.58575107755511
0.58943162995992
0.593112182364729
0.596792734769539
0.600473287174349
0.604153839579158
0.607834391983968
0.611514944388778
0.615195496793587
0.618876049198397
0.622556601603206
0.626237154008016
0.629917706412826
0.633598258817635
0.637278811222445
0.640959363627255
0.644639916032064
0.648320468436874
0.652001020841683
0.655681573246493
0.659362125651303
0.663042678056112
0.666723230460922
0.670403782865731
0.674084335270541
0.677764887675351
0.68144544008016
0.68512599248497
0.68880654488978
0.692487097294589
0.696167649699399
0.699848202104208
0.703528754509018
0.707209306913828
0.710889859318637
0.714570411723447
0.718250964128257
0.721931516533066
0.725612068937876
0.729292621342685
0.732973173747495
0.736653726152305
0.740334278557114
0.744014830961924
0.747695383366733
0.751375935771543
0.755056488176353
0.758737040581162
0.762417592985972
0.766098145390782
0.769778697795591
0.773459250200401
0.77713980260521
0.78082035501002
0.78450090741483
0.788181459819639
0.791862012224449
0.795542564629258
0.799223117034068
0.802903669438878
0.806584221843687
0.810264774248497
0.813945326653307
0.817625879058116
0.821306431462926
0.824986983867735
0.828667536272545
0.832348088677355
0.836028641082164
0.839709193486974
0.843389745891784
0.847070298296593
0.850750850701403
0.854431403106212
0.858111955511022
0.861792507915832
0.865473060320641
0.869153612725451
0.87283416513026
0.87651471753507
0.88019526993988
0.883875822344689
0.887556374749499
0.891236927154309
0.894917479559118
0.898598031963928
0.902278584368737
0.905959136773547
0.909639689178357
0.913320241583166
0.917000793987976
0.920681346392786
0.924361898797595
0.928042451202405
0.931723003607214
0.935403556012024
0.939084108416834
0.942764660821643
0.946445213226453
0.950125765631262
0.953806318036072
0.957486870440882
0.961167422845691
0.964847975250501
0.968528527655311
0.97220908006012
0.97588963246493
0.979570184869739
0.983250737274549
0.986931289679359
0.990611842084168
0.994292394488978
0.997972946893788
1.0016534992986
1.00533405170341
1.00901460410822
1.01269515651303
1.01637570891784
1.02005626132265
1.02373681372746
1.02741736613226
1.03109791853707
1.03477847094188
1.03845902334669
1.0421395757515
1.04582012815631
1.04950068056112
1.05318123296593
1.05686178537074
1.06054233777555
1.06422289018036
1.06790344258517
1.07158399498998
1.07526454739479
1.0789450997996
1.08262565220441
1.08630620460922
1.08998675701403
1.09366730941884
1.09734786182365
1.10102841422846
1.10470896663327
1.10838951903808
1.11207007144289
1.1157506238477
1.11943117625251
1.12311172865731
1.12679228106212
1.13047283346693
1.13415338587174
1.13783393827655
1.14151449068136
1.14519504308617
1.14887559549098
1.15255614789579
1.1562367003006
1.15991725270541
1.16359780511022
1.16727835751503
1.17095890991984
1.17463946232465
1.17832001472946
1.18200056713427
1.18568111953908
1.18936167194389
1.1930422243487
1.19672277675351
1.20040332915832
1.20408388156313
1.20776443396794
1.21144498637275
1.21512553877756
1.21880609118236
1.22248664358717
1.22616719599198
1.22984774839679
1.2335283008016
1.23720885320641
1.24088940561122
1.24456995801603
1.24825051042084
1.25193106282565
1.25561161523046
1.25929216763527
1.26297272004008
1.26665327244489
1.2703338248497
1.27401437725451
1.27769492965932
1.28137548206413
1.28505603446894
1.28873658687375
1.29241713927856
1.29609769168337
1.29977824408818
1.30345879649299
1.3071393488978
1.31081990130261
1.31450045370741
1.31818100611222
1.32186155851703
1.32554211092184
1.32922266332665
1.33290321573146
1.33658376813627
1.34026432054108
1.34394487294589
1.3476254253507
1.35130597775551
1.35498653016032
1.35866708256513
1.36234763496994
1.36602818737475
1.36970873977956
1.37338929218437
1.37706984458918
1.38075039699399
1.3844309493988
1.38811150180361
1.39179205420842
1.39547260661323
1.39915315901804
1.40283371142285
1.40651426382766
1.41019481623246
1.41387536863727
1.41755592104208
1.42123647344689
1.4249170258517
1.42859757825651
1.43227813066132
1.43595868306613
1.43963923547094
1.44331978787575
1.44700034028056
1.45068089268537
1.45436144509018
1.45804199749499
1.4617225498998
1.46540310230461
1.46908365470942
1.47276420711423
1.47644475951904
1.48012531192385
1.48380586432866
1.48748641673347
1.49116696913828
1.49484752154309
1.4985280739479
1.50220862635271
1.50588917875752
1.50956973116232
1.51325028356713
1.51693083597194
1.52061138837675
1.52429194078156
1.52797249318637
1.53165304559118
1.53533359799599
1.5390141504008
1.54269470280561
1.54637525521042
1.55005580761523
1.55373636002004
1.55741691242485
1.56109746482966
1.56477801723447
1.56845856963928
1.57213912204409
1.5758196744489
1.57950022685371
1.58318077925852
1.58686133166333
1.59054188406814
1.59422243647295
1.59790298887776
1.60158354128257
1.60526409368737
1.60894464609218
1.61262519849699
1.6163057509018
1.61998630330661
1.62366685571142
1.62734740811623
1.63102796052104
1.63470851292585
1.63838906533066
1.64206961773547
1.64575017014028
1.64943072254509
1.6531112749499
1.65679182735471
1.66047237975952
1.66415293216433
1.66783348456914
1.67151403697395
1.67519458937876
1.67887514178357
1.68255569418838
1.68623624659319
1.689916798998
1.69359735140281
1.69727790380762
1.70095845621243
1.70463900861723
1.70831956102204
1.71200011342685
1.71568066583166
1.71936121823647
1.72304177064128
1.72672232304609
1.7304028754509
1.73408342785571
1.73776398026052
1.74144453266533
1.74512508507014
1.74880563747495
1.75248618987976
1.75616674228457
1.75984729468938
1.76352784709419
1.767208399499
1.77088895190381
1.77456950430862
1.77825005671343
1.78193060911824
1.78561116152305
1.78929171392786
1.79297226633267
1.79665281873747
1.80033337114228
1.80401392354709
1.8076944759519
1.81137502835671
1.81505558076152
1.81873613316633
1.82241668557114
1.82609723797595
1.82977779038076
1.83345834278557
1.83713889519038
1.84081944759519
1.8445
