9.990488635544696461e-01
9.986064428633700807e-01
9.981643159908373253e-01
9.977224826767561172e-01
9.972809426612987416e-01
9.968396956849254753e-01
9.963987414883832550e-01
9.959580798127058987e-01
9.955177103992127741e-01
9.950776329895106853e-01
9.946378473254905428e-01
9.941983531493286952e-01
9.937591502034859303e-01
9.933202382307088074e-01
9.928816169740264375e-01
9.924432861767518155e-01
9.920052455824814874e-01
9.915674949350947731e-01
9.911300339787533220e-01
9.906928624579005582e-01
9.902559801172631238e-01
9.898193867018475478e-01
9.893830819569415791e-01
9.889470656281141858e-01
9.885113374612134463e-01
9.880758972023693243e-01
9.876407445979894506e-01
9.872058793947612321e-01
9.867713013396508526e-01
9.863370101799030509e-01
9.859030056630398997e-01
9.854692875368625815e-01
9.850358555494483914e-01
9.846027094491518472e-01
9.841698489846040232e-01
9.837372739047118841e-01
9.833049839586595064e-01
9.828729788959051916e-01
9.824412584661826875e-01
9.820098224195005221e-01
9.815786705061417816e-01
9.811478024766633332e-01
9.807172180818954921e-01
9.802869170729430204e-01
9.798568992011825740e-01
9.794271642182637017e-01
9.789977118761080677e-01
9.785685419269088969e-01
9.781396541231323072e-01
9.777110482175140893e-01
9.772827239630615948e-01
9.768546811130522922e-01
9.764269194210338787e-01
9.759994386408235023e-01
9.755722385265086505e-01
9.751453188324449295e-01
9.747186793132568416e-01
9.742923197238372301e-01
9.738662398193466130e-01
9.734404393552141821e-01
9.730149180871353609e-01
9.725896757710729146e-01
9.721647121632559507e-01
9.717400270201800305e-01
9.713156200986060584e-01
9.708914911555617255e-01
9.704676399483387339e-01
9.700440662344940179e-01
9.696207697718489671e-01
9.691977503184885379e-01
9.687750076327630300e-01
9.683525414732847558e-01
9.679303515989295947e-01
9.675084377688361048e-01
9.670867997424054119e-01
9.666654372793006544e-01
9.662443501394462064e-01
9.658235380830292316e-01
9.654030008704965748e-01
9.649827382625562056e-01
9.645627500201761073e-01
9.641430359045853882e-01
9.637235956772719492e-01
9.633044290999830395e-01
9.628855359347251452e-01
9.624669159437634347e-01
9.620485688896213139e-01
9.616304945350797606e-01
9.612126926431788787e-01
9.607951629772145674e-01
9.603779053007401867e-01
9.599609193775660021e-01
9.595442049717578525e-01
9.591277618476390376e-01
9.587115897697872091e-01
9.582956885030357030e-01
9.578800578124728737e-01
9.574646974634417607e-01
9.570496072215394223e-01
9.566347868526178244e-01
9.562202361227816194e-01
9.558059547983892568e-01
9.553919426460519837e-01
9.549781994326335122e-01
9.545647249252511291e-01
9.541515188912725876e-01
9.537385810983181056e-01
9.533259113142592556e-01
9.529135093072180762e-01
9.525013748455686269e-01
9.520895076979341010e-01
9.516779076331882692e-01
9.512665744204544804e-01
9.508555078291056617e-01
9.504447076287632079e-01
9.500341735892988693e-01
9.496239054808313096e-01
9.492139030737277716e-01
9.488041661386035219e-01
9.483946944463210738e-01
9.479854877679897429e-01
9.475765458749670911e-01
9.471678685388557062e-01
9.467594555315049787e-01
9.463513066250102135e-01
9.459434215917121858e-01
9.455358002041965859e-01
9.451284422352951298e-01
9.447213474580831161e-01
9.443145156458804257e-01
9.439079465722505224e-01
9.435016400110020074e-01
9.430955957361852882e-01
9.426898135220943553e-01
9.422842931432660052e-01
9.418790343744792848e-01
9.414740369907554918e-01
9.410693007673572863e-01
9.406648254797901343e-01
9.402606109037990878e-01
9.398566568153707834e-01
9.394529629907325541e-01
9.390495292063509858e-01
9.386463552389344711e-01
9.382434408654293234e-01
9.378407858630218863e-01
9.374383900091372013e-01
9.370362530814394519e-01
9.366343748578302986e-01
9.362327551164509876e-01
9.358313936356793539e-01
9.354302901941310422e-01
9.350294445706588409e-01
9.346288565443519047e-01
9.342285258945374204e-01
9.338284524007773868e-01
9.334286358428701691e-01
9.330290760008499440e-01
9.326297726549860334e-01
9.322307255857830155e-01
9.318319345739796145e-01
9.314333994005502548e-01
9.310351198467023970e-01
9.306370956938775363e-01
9.302393267237504260e-01
9.298418127182304094e-01
9.294445534594583114e-01
9.290475487298079926e-01
9.286507983118860166e-01
9.282543019885305391e-01
9.278580595428118638e-01
9.274620707580308876e-01
9.270663354177213211e-01
9.266708533056463581e-01
9.262756242058000078e-01
9.258806479024067615e-01
9.254859241799207048e-01
9.250914528230265166e-01
9.246972336166372486e-01
9.243032663458956577e-01
9.239095507961729847e-01
9.235160867530689544e-01
9.231228740024114421e-01
9.227299123302571404e-01
9.223372015228893384e-01
9.219447413668189206e-01
9.215525316487840346e-01
9.211605721557490911e-01
9.207688626749060967e-01
9.203774029936719892e-01
9.199861928996904137e-01
9.195952321808301688e-01
9.192045206251854284e-01
9.188140580210754083e-01
9.184238441570446998e-01
9.180338788218616042e-01
9.176441618045187987e-01
9.172546928942327815e-01
9.168654718804435388e-01
9.164764985528152108e-01
9.160877727012340932e-01
9.156992941158095256e-01
9.153110625868731143e-01
9.149230779049790652e-01
9.145353398609030737e-01
9.141478482456423249e-01
9.137606028504164923e-01
9.133736034666649628e-01
9.129868498860485015e-01
9.126003419004482531e-01
9.122140793019652971e-01
9.118280618829216477e-01
9.114422894358579219e-01
9.110567617535345608e-01
9.106714786289310526e-01
9.102864398552455993e-01
9.099016452258947840e-01
9.095170945345143476e-01
9.091327875749571907e-01
9.087487241412939287e-01
9.083649040278131137e-01
9.079813270290194582e-01
9.075979929396363888e-01
9.072149015546022710e-01
9.068320526690725192e-01
9.064494460784182639e-01
9.060670815782269072e-01
9.056849589643005682e-01
9.053030780326579707e-01
9.049214385795316673e-01
9.045400404013692608e-01
9.041588832948327381e-01
9.037779670567979151e-01
9.033972914843556579e-01
9.030168563748093291e-01
9.026366615256760095e-01
9.022567067346856096e-01
9.018769917997814245e-01
9.014975165191186912e-01
9.011182806910649212e-01
9.007392841142006779e-01
9.003605265873171337e-01
8.999820079094171810e-01
8.996037278797150982e-01
8.992256862976355514e-01
8.988478829628152589e-01
8.984703176751001052e-01
8.980929902345462512e-01
8.977159004414202448e-01
8.973390480961973559e-01
8.969624329995636858e-01
8.965860549524130585e-01
8.962099137558486861e-01
8.958340092111823916e-01
8.954583411199339427e-01
8.950829092838311629e-01
8.947077135048105978e-01
8.943327535850151833e-01
8.939580293267954669e-01
8.935835405327090530e-01
8.932092870055198253e-01
8.928352685481995010e-01
8.924614849639245229e-01
8.920879360560779459e-01
8.917146216282484383e-01
8.913415414842300599e-01
8.909686954280215954e-01
8.905960832638281088e-01
8.902237047960581684e-01
8.898515598293249562e-01
8.894796481684454914e-01
8.891079696184418513e-01
8.887365239845382847e-01
8.883653110721639878e-01
8.879943306869499953e-01
8.876235826347306235e-01
8.872530667215424716e-01
8.868827827536268638e-01
8.865127305374222999e-01
8.861429098795740034e-01
8.857733205869263715e-01
8.854039624665258623e-01
8.850348353256195510e-01
8.846659389716563515e-01
8.842972732122847956e-01
8.839288378553538106e-01
8.835606327089133849e-01
8.831926575812123481e-01
8.828249122806995919e-01
8.824573966160228489e-01
8.820901103960300249e-01
8.817230534297669786e-01
8.813562255264779655e-01
8.809896264956068590e-01
8.806232561467944864e-01
8.802571142898798495e-01
8.798912007348993480e-01
8.795255152920876673e-01
8.791600577718757803e-01
8.787948279848911692e-01
8.784298257419593803e-01
8.780650508541012478e-01
8.777005031325337825e-01
8.773361823886709487e-01
8.769720884341202227e-01
8.766082210806863673e-01
8.762445801403684342e-01
8.758811654253614298e-01
8.755179767480540942e-01
8.751550139210295676e-01
8.747922767570660563e-01
8.744297650691348345e-01
8.740674786704012433e-01
8.737054173742238028e-01
8.733435809941552108e-01
8.729819693439401229e-01
8.726205822375160404e-01
8.722594194890140873e-01
8.718984809127563462e-01
8.715377663232575234e-01
8.711772755352237274e-01
8.708170083635536907e-01
8.704569646233364377e-01
8.700971441298520626e-01
8.697375466985723946e-01
8.693781721451592226e-01
8.690190202854646273e-01
8.686600909355308708e-01
8.683013839115908405e-01
8.679428990300673830e-01
8.675846361075694180e-01
8.672265949608994884e-01
8.668687754070467655e-01
8.665111772631892695e-01
8.661538003466946467e-01
8.657966444751176160e-01
8.654397094662010792e-01
8.650829951378767868e-01
8.647265013082627849e-01
8.643702277956650804e-01
8.640141744185763084e-01
8.636583409956771762e-01
8.633027273458336870e-01
8.629473332880989167e-01
8.625921586417115705e-01
8.622372032260975372e-01
8.618824668608673356e-01
8.615279493658168919e-01
8.611736505609284276e-01
8.608195702663682392e-01
8.604657083024879194e-01
8.601120644898230250e-01
8.597586386490947419e-01
8.594054306012071098e-01
8.590524401672483545e-01
8.586996671684922200e-01
8.583471114263918622e-01
8.579947727625868437e-01
8.576426509988993585e-01
8.572907459573340105e-01
8.569390574600771471e-01
8.565875853294991904e-01
8.562363293881511961e-01
8.558852894587665183e-01
8.555344653642600328e-01
8.551838569277286917e-01
8.548334639724499695e-01
8.544832863218825292e-01
8.541333237996654448e-01
8.537835762296193121e-01
8.534340434357441385e-01
8.530847252422200100e-01
8.527356214734078677e-01
8.523867319538470655e-01
8.520380565082569246e-01
8.516895949615364003e-01
8.513413471387628606e-01
8.509933128651926415e-01
8.506454919662602698e-01
8.502978842675795734e-01
8.499504895949415717e-01
8.496033077743161410e-01
8.492563386318489060e-01
8.489095819938649035e-01
8.485630376868653624e-01
8.482167055375297027e-01
8.478705853727129815e-01
8.475246770194473367e-01
8.471789803049406542e-01
8.468334950565784558e-01
8.464882211019207903e-01
8.461431582687036768e-01
8.457983063848396599e-01
8.454536652784153672e-01
8.451092347776930636e-01
8.447650147111094299e-01
8.444210049072770063e-01
8.440772051949815280e-01
8.437336154031830349e-01
8.433902353610166491e-01
8.430470648977904657e-01
8.427041038429861075e-01
8.423613520262586141e-01
8.420188092774368860e-01
8.416764754265222415e-01
8.413343503036886384e-01
8.409924337392823412e-01
8.406507255638231424e-01
8.403092256080024747e-01
8.399679337026819681e-01
8.396268496788971136e-01
8.392859733678541545e-01
8.389453046009301973e-01
8.386048432096745442e-01
8.382645890258062504e-01
8.379245418812151236e-01
8.375847016079625007e-01
8.372450680382788057e-01
8.369056410045648819e-01
8.365664203393911036e-01
8.362274058754983752e-01
8.358885974457962442e-01
8.355499948833631230e-01
8.352115980214477320e-01
8.348734066934665465e-01
8.345354207330049068e-01
8.341976399738161296e-01
8.338600642498227300e-01
8.335226933951145334e-01
8.331855272439491200e-01
8.328485656307513807e-01
8.325118083901146271e-01
8.321752553567982602e-01
8.318389063657289917e-01
8.315027612520017319e-01
8.311668198508741501e-01
8.308310819977742234e-01
8.304955475282942423e-01
8.301602162781929195e-01
8.298250880833941689e-01
8.294901627799885491e-01
8.291554402042309313e-01
8.288209201925418323e-01
8.284866025815063040e-01
8.281524872078749322e-01
8.278185739085622830e-01
8.274848625206470132e-01
8.271513528813727589e-01
8.268180448281466921e-01
8.264849381985394094e-01
8.261520328302852656e-01
8.258193285612827061e-01
8.254868252295924913e-01
8.251545226734381400e-01
8.248224207312071510e-01
8.244905192414485606e-01
8.241588180428740529e-01
8.238273169743572932e-01
8.234960158749347059e-01
8.231649145838038084e-01
8.228340129403235448e-01
8.225033107840162838e-01
8.221728079545616019e-01
8.218425042918030554e-01
8.215123996357451830e-01
8.211824938265519513e-01
8.208527867045481985e-01
8.205232781102187456e-01
8.201939678842092851e-01
8.198648558673246045e-01
8.195359419005288082e-01
8.192072258249468719e-01
8.188787074818617562e-01
8.185503867127157385e-01
8.182222633591106353e-01
8.178943372628064701e-01
8.175666082657216949e-01
8.172390762099329686e-01
8.169117409376759342e-01
8.165846022913434421e-01
8.162576601134861054e-01
8.159309142468120779e-01
8.156043645341876092e-01
8.152780108186352681e-01
8.149518529433347203e-01
8.146258907516233938e-01
8.143001240869951474e-01
8.139745527930973834e-01
8.136491767137380426e-01
8.133239956928786096e-01
8.129990095746367773e-01
8.126742182032870021e-01
8.123496214232579504e-01
8.120252190791340530e-01
8.117010110156546165e-01
8.113769970777147122e-01
8.110531771103635101e-01
8.107295509588043902e-01
8.104061184683962749e-01
8.100828794846512970e-01
